Set parameter Username
Academic license - for non-commercial use only - expires 2023-11-15
0 1
1 2
1 3
2 4
2 5
2 6
2 7
2 8
2 9
3 10
3 11
3 12
3 13
3 14
3 15
3 16
3 17
3 18
4 19
4 20
5 21
5 22
5 23
6 24
6 25
6 26
6 27
6 28
6 29
6 30
6 31
7 32
8 33
9 34
10 35
10 36
10 37
10 38
10 39
10 40
11 41
11 42
11 43
11 44
11 45
11 46
12 47
12 48
12 49
12 50
13 51
14 52
14 53
14 54
14 55
15 56
15 57
16 58
16 59
16 60
16 61
16 62
16 63
17 64
17 65
18 66
18 67
18 68
18 69
19 70
19 71
19 72
20 73
21 74
21 75
22 76
22 77
22 78
23 79
23 80
23 81
23 82
23 83
23 84
23 85
23 86
23 87
23 88
23 89
23 90
23 91
23 92
23 93
23 94
23 95
23 96
23 97
23 98
24 99
24 100
24 101
24 102
24 103
24 104
24 105
24 106
25 107
25 108
25 109
25 110
26 111
26 112
26 113
27 114
28 115
29 116
29 117
30 118
30 119
30 120
30 121
30 122
30 123
30 124
30 125
30 126
31 127
31 128
31 129
31 130
31 131
31 132
31 133
31 134
31 135
31 136
31 137
31 138
31 139
31 140
31 141
31 142
31 143
31 144
31 145
31 146
31 147
31 148
31 149
32 150
32 151
33 152
33 153
33 154
33 155
33 156
34 157
34 158
35 159
35 160
35 161
36 162
36 163
36 164
36 165
36 166
37 167
37 168
37 169
37 170
37 171
37 172
37 173
38 174
38 175
38 176
38 177
38 178
38 179
38 180
38 181
38 182
39 183
40 184
40 185
40 186
40 187
40 188
40 189
40 190
41 191
41 192
41 193
41 194
41 195
41 196
41 197
41 198
41 199
41 200
41 201
41 202
41 203
41 204
41 205
42 206
42 207
42 208
43 209
43 210
43 211
43 212
43 213
43 214
43 215
43 216
43 217
43 218
43 219
43 220
43 221
43 222
43 223
43 224
43 225
43 226
43 227
43 228
44 229
45 230
46 231
46 232
46 233
46 234
46 235
46 236
46 237
47 238
47 239
47 240
47 241
47 242
47 243
47 244
47 245
47 246
48 247
48 248
48 249
48 250
48 251
48 252
48 253
48 254
48 255
49 256
49 257
49 258
49 259
49 260
49 261
49 262
49 263
49 264
49 265
49 266
49 267
49 268
49 269
49 270
49 271
49 272
50 273
50 274
50 275
50 276
51 277
52 278
53 279
53 280
53 281
53 282
53 283
53 284
54 285
54 286
54 287
54 288
54 289
54 290
54 291
55 292
55 293
56 294
56 295
56 296
56 297
56 298
56 299
56 300
56 301
56 302
56 303
56 304
56 305
56 306
56 307
56 308
56 309
56 310
56 311
57 312
57 313
57 314
57 315
58 316
58 317
59 318
59 319
59 320
59 321
59 322
59 323
59 324
59 325
59 326
59 327
60 328
60 329
60 330
60 331
60 332
60 333
60 334
60 335
60 336
60 337
60 338
60 339
60 340
60 341
60 342
60 343
61 344
61 345
62 346
62 347
62 348
62 349
62 350
DD: 62 / 350
