Set parameter Username
Academic license - for non-commercial use only - expires 2023-11-15
1 1
2 2
3 3
4 4
5 5
6 6
7 7
8 8
9 9
10 10
11 11
12 12
13 13
14 14
15 15
16 16
17 17
18 18
19 19
20 20
21 21
22 22
23 23
24 24
25 25
26 26
27 27
28 28
29 29
30 30
30 31
31 32
32 33
33 34
34 35
35 36
36 37
37 38
37 39
38 40
39 41
40 42
41 43
42 44
43 45
44 46
44 47
44 48
45 49
46 50
47 51
48 52
49 53
49 54
49 55
49 56
50 57
51 58
52 59
53 60
53 61
54 62
55 63
56 64
57 65
58 66
59 67
59 68
60 69
61 70
62 71
62 72
62 73
62 74
63 75
64 76
65 77
66 78
66 79
66 80
66 81
67 82
68 83
69 84
70 85
70 86
71 87
71 88
71 89
72 90
72 91
73 92
73 93
74 94
75 95
75 96
75 97
76 98
77 99
78 100
79 101
80 102
81 103
82 104
83 105
84 106
85 107
85 108
85 109
85 110
85 111
86 112
87 113
87 114
88 115
89 116
90 117
91 118
92 119
93 120
94 121
95 122
96 123
97 124
97 125
98 126
99 127
100 128
101 129
102 130
102 131
103 132
104 133
105 134
106 135
107 136
108 137
109 138
110 139
111 140
112 141
113 142
114 143
114 144
114 145
115 146
115 147
116 148
117 149
117 150
118 151
118 152
119 153
119 154
120 155
121 156
121 157
122 158
122 159
123 160
124 161
125 162
126 163
127 164
127 165
128 166
129 167
130 168
131 169
131 170
132 171
133 172
133 173
133 174
133 175
133 176
133 177
134 178
135 179
136 180
137 181
138 182
139 183
139 184
140 185
141 186
141 187
141 188
142 189
143 190
143 191
144 192
145 193
146 194
147 195
148 196
149 197
150 198
151 199
151 200
152 201
153 202
154 203
154 204
155 205
156 206
157 207
158 208
159 209
160 210
161 211
162 212
163 213
163 214
163 215
164 216
165 217
165 218
165 219
166 220
166 221
167 222
168 223
169 224
170 225
171 226
172 227
173 228
174 229
175 230
175 231
176 232
176 233
177 234
178 235
179 236
180 237
181 238
182 239
183 240
183 241
183 242
183 243
184 244
185 245
185 246
186 247
186 248
187 249
187 250
188 251
188 252
189 253
189 254
190 255
191 256
192 257
193 258
194 259
194 260
195 261
196 262
197 263
198 264
198 265
198 266
198 267
198 268
199 269
200 270
201 271
201 272
201 273
201 274
201 275
202 276
203 277
204 278
205 279
206 280
206 281
206 282
207 283
207 284
207 285
207 286
207 287
208 288
208 289
209 290
210 291
211 292
212 293
213 294
214 295
215 296
216 297
217 298
217 299
218 300
219 301
220 302
221 303
221 304
222 305
223 306
224 307
225 308
226 309
227 310
228 311
228 312
228 313
229 314
230 315
231 316
231 317
231 318
232 319
233 320
234 321
235 322
236 323
237 324
238 325
238 326
239 327
239 328
240 329
241 330
242 331
243 332
244 333
244 334
245 335
246 336
246 337
247 338
247 339
247 340
247 341
248 342
249 343
250 344
250 345
250 346
250 347
251 348
252 349
253 350
254 351
254 352
255 353
255 354
255 355
256 356
257 357
258 358
259 359
260 360
261 361
261 362
262 363
263 364
264 365
265 366
266 367
267 368
267 369
267 370
268 371
269 372
270 373
271 374
272 375
272 376
272 377
272 378
273 379
274 380
275 381
275 382
276 383
277 384
278 385
279 386
279 387
280 388
281 389
282 390
282 391
283 392
284 393
285 394
285 395
286 396
286 397
286 398
287 399
288 400
288 401
289 402
290 403
291 404
292 405
293 406
294 407
295 408
295 409
295 410
296 411
297 412
298 413
299 414
299 415
299 416
300 417
301 418
301 419
302 420
303 421
303 422
304 423
304 424
305 425
306 426
307 427
308 428
309 429
309 430
310 431
311 432
312 433
313 434
314 435
315 436
316 437
316 438
316 439
316 440
317 441
317 442
318 443
319 444
320 445
320 446
321 447
322 448
323 449
323 450
324 451
325 452
326 453
326 454
326 455
327 456
327 457
327 458
328 459
329 460
329 461
330 462
330 463
330 464
331 465
331 466
331 467
332 468
332 469
333 470
333 471
333 472
333 473
333 474
334 475
334 476
334 477
334 478
335 479
336 480
336 481
336 482
337 483
338 484
339 485
340 486
340 487
341 488
342 489
343 490
343 491
343 492
344 493
345 494
346 495
346 496
347 497
348 498
349 499
350 500
351 501
352 502
353 503
354 504
355 505
356 506
357 507
358 508
359 509
359 510
359 511
360 512
361 513
361 514
362 515
363 516
364 517
365 518
365 519
366 520
367 521
367 522
368 523
369 524
370 525
370 526
371 527
372 528
373 529
374 530
375 531
375 532
376 533
377 534
377 535
378 536
378 537
379 538
380 539
381 540
382 541
383 542
384 543
385 544
386 545
387 546
388 547
388 548
389 549
390 550
391 551
391 552
392 553
393 554
394 555
395 556
396 557
397 558
398 559
399 560
400 561
401 562
402 563
403 564
404 565
405 566
406 567
406 568
407 569
408 570
409 571
409 572
410 573
411 574
412 575
413 576
414 577
415 578
415 579
416 580
417 581
417 582
418 583
419 584
419 585
419 586
420 587
421 588
421 589
422 590
422 591
422 592
422 593
422 594
423 595
423 596
424 597
425 598
426 599
427 600
428 601
428 602
429 603
429 604
429 605
430 606
431 607
432 608
433 609
433 610
434 611
435 612
435 613
435 614
436 615
437 616
438 617
439 618
440 619
440 620
440 621
441 622
441 623
441 624
442 625
443 626
444 627
445 628
446 629
447 630
448 631
449 632
450 633
450 634
451 635
452 636
453 637
454 638
455 639
456 640
456 641
457 642
458 643
459 644
459 645
459 646
460 647
460 648
460 649
460 650
461 651
462 652
462 653
463 654
463 655
464 656
464 657
465 658
465 659
465 660
465 661
466 662
467 663
468 664
469 665
470 666
471 667
471 668
472 669
473 670
474 671
475 672
476 673
477 674
478 675
479 676
479 677
479 678
479 679
479 680
480 681
481 682
482 683
483 684
483 685
484 686
485 687
485 688
486 689
487 690
488 691
489 692
490 693
491 694
492 695
492 696
493 697
493 698
493 699
493 700
494 701
495 702
496 703
496 704
497 705
498 706
499 707
500 708
501 709
501 710
502 711
503 712
504 713
504 714
504 715
505 716
506 717
507 718
508 719
509 720
510 721
511 722
512 723
513 724
514 725
515 726
515 727
515 728
516 729
516 730
516 731
517 732
518 733
518 734
518 735
519 736
520 737
521 738
522 739
522 740
523 741
524 742
525 743
526 744
527 745
528 746
529 747
529 748
530 749
531 750
532 751
532 752
533 753
534 754
535 755
535 756
536 757
536 758
537 759
538 760
539 761
540 762
541 763
542 764
543 765
544 766
544 767
545 768
545 769
546 770
546 771
547 772
547 773
548 774
548 775
548 776
548 777
549 778
550 779
551 780
552 781
553 782
554 783
554 784
555 785
556 786
557 787
558 788
559 789
560 790
561 791
562 792
562 793
562 794
563 795
564 796
564 797
565 798
566 799
566 800
567 801
567 802
568 803
569 804
570 805
570 806
571 807
572 808
572 809
573 810
574 811
575 812
576 813
577 814
578 815
579 816
579 817
580 818
581 819
582 820
583 821
584 822
585 823
586 824
586 825
587 826
588 827
589 828
590 829
591 830
591 831
591 832
592 833
592 834
593 835
594 836
594 837
595 838
595 839
596 840
597 841
598 842
598 843
598 844
599 845
600 846
601 847
602 848
602 849
603 850
603 851
604 852
605 853
605 854
605 855
606 856
607 857
608 858
609 859
610 860
611 861
612 862
613 863
614 864
615 865
616 866
617 867
618 868
618 869
618 870
619 871
620 872
621 873
622 874
622 875
623 876
624 877
624 878
625 879
625 880
626 881
627 882
628 883
629 884
629 885
630 886
630 887
631 888
631 889
632 890
633 891
634 892
635 893
636 894
636 895
637 896
638 897
639 898
639 899
640 900
640 901
641 902
642 903
642 904
642 905
642 906
643 907
644 908
645 909
646 910
646 911
647 912
648 913
648 914
649 915
649 916
649 917
649 918
649 919
649 920
649 921
650 922
650 923
650 924
650 925
651 926
652 927
653 928
653 929
654 930
655 931
655 932
656 933
657 934
658 935
659 936
660 937
661 938
661 939
662 940
663 941
663 942
663 943
664 944
665 945
665 946
666 947
667 948
668 949
668 950
668 951
668 952
669 953
670 954
670 955
670 956
670 957
671 958
672 959
672 960
672 961
673 962
673 963
674 964
675 965
676 966
677 967
677 968
678 969
679 970
680 971
681 972
682 973
683 974
684 975
685 976
685 977
685 978
686 979
686 980
687 981
688 982
689 983
689 984
689 985
690 986
691 987
691 988
692 989
693 990
694 991
694 992
694 993
695 994
695 995
696 996
697 997
698 998
699 999
700 1000
700 1001
700 1002
701 1003
702 1004
703 1005
704 1006
705 1007
705 1008
706 1009
707 1010
708 1011
709 1012
710 1013
711 1014
712 1015
713 1016
714 1017
714 1018
714 1019
715 1020
715 1021
715 1022
716 1023
717 1024
718 1025
718 1026
719 1027
720 1028
721 1029
722 1030
723 1031
723 1032
724 1033
724 1034
724 1035
725 1036
726 1037
726 1038
727 1039
728 1040
728 1041
729 1042
730 1043
730 1044
731 1045
732 1046
733 1047
734 1048
735 1049
735 1050
735 1051
736 1052
736 1053
737 1054
738 1055
739 1056
740 1057
740 1058
741 1059
742 1060
743 1061
744 1062
744 1063
745 1064
745 1065
746 1066
747 1067
748 1068
749 1069
750 1070
750 1071
751 1072
751 1073
751 1074
751 1075
752 1076
752 1077
753 1078
753 1079
753 1080
753 1081
754 1082
754 1083
755 1084
755 1085
756 1086
757 1087
757 1088
758 1089
759 1090
760 1091
761 1092
762 1093
763 1094
763 1095
764 1096
764 1097
765 1098
766 1099
767 1100
768 1101
769 1102
769 1103
770 1104
770 1105
770 1106
771 1107
772 1108
773 1109
774 1110
775 1111
776 1112
777 1113
778 1114
778 1115
779 1116
780 1117
780 1118
780 1119
781 1120
781 1121
782 1122
782 1123
782 1124
782 1125
783 1126
784 1127
785 1128
786 1129
787 1130
787 1131
788 1132
789 1133
790 1134
790 1135
790 1136
790 1137
790 1138
791 1139
791 1140
791 1141
792 1142
793 1143
794 1144
795 1145
796 1146
797 1147
797 1148
798 1149
798 1150
798 1151
799 1152
800 1153
801 1154
801 1155
801 1156
802 1157
803 1158
804 1159
804 1160
805 1161
806 1162
806 1163
807 1164
808 1165
808 1166
808 1167
809 1168
809 1169
809 1170
810 1171
811 1172
811 1173
811 1174
812 1175
813 1176
813 1177
813 1178
814 1179
814 1180
815 1181
816 1182
816 1183
817 1184
817 1185
818 1186
818 1187
819 1188
819 1189
819 1190
820 1191
820 1192
820 1193
821 1194
822 1195
822 1196
823 1197
824 1198
824 1199
824 1200
824 1201
824 1202
825 1203
826 1204
827 1205
828 1206
828 1207
829 1208
830 1209
831 1210
832 1211
833 1212
834 1213
834 1214
834 1215
835 1216
835 1217
836 1218
836 1219
837 1220
838 1221
839 1222
839 1223
840 1224
841 1225
841 1226
841 1227
842 1228
842 1229
842 1230
842 1231
843 1232
844 1233
845 1234
845 1235
846 1236
847 1237
848 1238
849 1239
850 1240
850 1241
851 1242
852 1243
853 1244
854 1245
855 1246
856 1247
857 1248
858 1249
858 1250
859 1251
860 1252
861 1253
862 1254
862 1255
863 1256
864 1257
865 1258
866 1259
867 1260
868 1261
869 1262
870 1263
871 1264
872 1265
873 1266
874 1267
875 1268
875 1269
875 1270
876 1271
876 1272
876 1273
876 1274
876 1275
877 1276
878 1277
879 1278
880 1279
881 1280
881 1281
882 1282
883 1283
883 1284
884 1285
884 1286
885 1287
886 1288
887 1289
887 1290
888 1291
889 1292
889 1293
890 1294
891 1295
892 1296
893 1297
894 1298
894 1299
895 1300
895 1301
896 1302
896 1303
897 1304
898 1305
899 1306
900 1307
901 1308
902 1309
902 1310
903 1311
904 1312
904 1313
905 1314
905 1315
906 1316
906 1317
906 1318
906 1319
907 1320
907 1321
907 1322
907 1323
908 1324
909 1325
910 1326
910 1327
911 1328
912 1329
913 1330
914 1331
914 1332
915 1333
915 1334
915 1335
915 1336
916 1337
917 1338
917 1339
918 1340
919 1341
920 1342
920 1343
921 1344
921 1345
921 1346
922 1347
923 1348
924 1349
924 1350
925 1351
925 1352
925 1353
925 1354
926 1355
926 1356
927 1357
927 1358
928 1359
929 1360
929 1361
930 1362
931 1363
931 1364
931 1365
932 1366
933 1367
934 1368
935 1369
935 1370
936 1371
937 1372
937 1373
937 1374
938 1375
939 1376
939 1377
940 1378
940 1379
941 1380
941 1381
942 1382
943 1383
944 1384
945 1385
945 1386
945 1387
946 1388
947 1389
948 1390
949 1391
950 1392
951 1393
951 1394
952 1395
953 1396
954 1397
954 1398
955 1399
955 1400
956 1401
957 1402
958 1403
958 1404
959 1405
959 1406
960 1407
961 1408
962 1409
962 1410
962 1411
963 1412
963 1413
963 1414
964 1415
965 1416
966 1417
967 1418
968 1419
968 1420
968 1421
969 1422
969 1423
970 1424
971 1425
972 1426
972 1427
972 1428
973 1429
974 1430
974 1431
975 1432
975 1433
976 1434
976 1435
976 1436
977 1437
977 1438
978 1439
978 1440
979 1441
980 1442
981 1443
982 1444
983 1445
983 1446
984 1447
985 1448
986 1449
987 1450
988 1451
989 1452
990 1453
991 1454
992 1455
993 1456
994 1457
995 1458
996 1459
997 1460
998 1461
998 1462
998 1463
998 1464
999 1465
999 1466
1000 1467
1000 1468
1000 1469
1001 1470
1002 1471
1003 1472
1004 1473
1005 1474
1005 1475
1006 1476
1007 1477
1007 1478
1008 1479
1009 1480
1009 1481
1009 1482
1010 1483
1010 1484
1010 1485
1011 1486
1012 1487
1013 1488
1014 1489
1015 1490
1016 1491
1017 1492
1018 1493
1019 1494
1019 1495
1019 1496
1019 1497
1019 1498
1020 1499
1021 1500
1022 1501
1023 1502
1023 1503
1024 1504
1024 1505
1024 1506
1025 1507
1025 1508
1025 1509
1025 1510
1026 1511
1027 1512
1027 1513
1028 1514
1029 1515
1029 1516
1030 1517
1030 1518
1030 1519
1030 1520
1031 1521
1031 1522
1031 1523
1032 1524
1033 1525
1033 1526
1034 1527
1035 1528
1036 1529
1037 1530
1038 1531
1039 1532
1040 1533
1040 1534
1040 1535
1041 1536
1042 1537
1043 1538
1043 1539
1044 1540
1045 1541
1045 1542
1045 1543
1046 1544
1047 1545
1047 1546
1048 1547
1049 1548
1050 1549
1050 1550
1051 1551
1052 1552
1053 1553
1054 1554
1054 1555
1054 1556
1055 1557
1055 1558
1055 1559
1055 1560
1055 1561
1055 1562
1056 1563
1056 1564
1056 1565
1057 1566
1057 1567
1057 1568
1058 1569
1059 1570
1059 1571
1059 1572
1060 1573
1061 1574
1062 1575
1063 1576
1063 1577
1064 1578
1064 1579
1065 1580
1066 1581
1066 1582
1067 1583
1068 1584
1069 1585
1070 1586
1071 1587
1071 1588
1072 1589
1073 1590
1073 1591
1074 1592
1075 1593
1075 1594
1076 1595
1077 1596
1078 1597
1079 1598
1080 1599
1081 1600
1082 1601
1083 1602
1084 1603
1085 1604
1085 1605
1085 1606
1086 1607
1087 1608
1088 1609
1088 1610
1089 1611
1089 1612
1090 1613
1091 1614
1092 1615
1092 1616
1093 1617
1093 1618
1093 1619
1093 1620
1094 1621
1095 1622
1095 1623
1096 1624
1096 1625
1096 1626
1097 1627
1097 1628
1098 1629
1099 1630
1099 1631
1099 1632
1099 1633
1100 1634
1100 1635
1100 1636
1100 1637
1100 1638
1101 1639
1101 1640
1102 1641
1103 1642
1104 1643
1105 1644
1106 1645
1106 1646
1107 1647
1108 1648
1109 1649
1109 1650
1110 1651
1111 1652
1112 1653
1112 1654
1112 1655
1113 1656
1114 1657
1115 1658
1116 1659
1116 1660
1116 1661
1117 1662
1118 1663
1119 1664
1119 1665
1119 1666
1120 1667
1120 1668
1120 1669
1120 1670
1120 1671
1121 1672
1122 1673
1123 1674
1124 1675
1125 1676
1125 1677
1125 1678
1126 1679
1127 1680
1128 1681
1129 1682
1129 1683
1130 1684
1131 1685
1132 1686
1132 1687
1133 1688
1133 1689
1133 1690
1134 1691
1135 1692
1136 1693
1137 1694
1138 1695
1139 1696
1140 1697
1141 1698
1141 1699
1141 1700
1141 1701
1142 1702
1142 1703
1143 1704
1143 1705
1143 1706
1144 1707
1145 1708
1146 1709
1147 1710
1148 1711
1149 1712
1149 1713
1149 1714
1150 1715
1150 1716
1150 1717
1151 1718
1152 1719
1152 1720
1152 1721
1152 1722
1153 1723
1153 1724
1154 1725
1155 1726
1156 1727
1156 1728
1157 1729
1158 1730
1158 1731
1158 1732
1159 1733
1160 1734
1160 1735
1160 1736
1160 1737
1161 1738
1162 1739
1163 1740
1164 1741
1165 1742
1166 1743
1167 1744
1168 1745
1169 1746
1170 1747
1171 1748
1172 1749
1173 1750
1174 1751
1175 1752
1175 1753
1175 1754
1176 1755
1176 1756
1176 1757
1176 1758
1177 1759
1178 1760
1178 1761
1179 1762
1180 1763
1180 1764
1180 1765
1180 1766
1181 1767
1182 1768
1182 1769
1182 1770
1182 1771
1182 1772
1182 1773
1183 1774
1184 1775
1184 1776
1185 1777
1185 1778
1186 1779
1186 1780
1186 1781
1187 1782
1188 1783
1189 1784
1190 1785
1190 1786
1191 1787
1191 1788
1191 1789
1192 1790
1193 1791
1194 1792
1194 1793
1195 1794
1196 1795
1196 1796
1197 1797
1198 1798
1199 1799
1199 1800
1200 1801
1201 1802
1201 1803
1201 1804
1201 1805
1202 1806
1203 1807
1204 1808
1204 1809
1205 1810
1206 1811
1207 1812
1208 1813
1209 1814
1210 1815
1210 1816
1210 1817
1211 1818
1211 1819
1212 1820
1213 1821
1214 1822
1214 1823
1214 1824
1215 1825
1215 1826
1215 1827
1216 1828
1216 1829
1217 1830
1218 1831
1219 1832
1220 1833
1220 1834
1221 1835
1222 1836
1223 1837
1223 1838
1223 1839
1224 1840
1224 1841
1225 1842
1225 1843
1225 1844
1226 1845
1226 1846
1227 1847
1228 1848
1228 1849
1229 1850
1230 1851
1231 1852
1232 1853
1233 1854
1233 1855
1234 1856
1234 1857
1234 1858
1235 1859
1235 1860
1236 1861
1237 1862
1238 1863
1239 1864
1239 1865
1239 1866
1240 1867
1241 1868
1242 1869
1242 1870
1243 1871
1244 1872
1244 1873
1245 1874
1246 1875
1247 1876
1248 1877
1249 1878
1250 1879
1250 1880
1250 1881
1250 1882
1251 1883
1252 1884
1252 1885
1253 1886
1253 1887
1254 1888
1255 1889
1255 1890
1255 1891
1256 1892
1257 1893
1258 1894
1258 1895
1259 1896
1260 1897
1261 1898
1262 1899
1263 1900
1264 1901
1265 1902
1266 1903
1267 1904
1267 1905
1268 1906
1269 1907
1269 1908
1269 1909
1270 1910
1271 1911
1271 1912
1272 1913
1272 1914
1272 1915
1272 1916
1272 1917
1272 1918
1272 1919
1272 1920
1272 1921
1272 1922
1273 1923
1273 1924
1274 1925
1274 1926
1274 1927
1275 1928
1275 1929
1276 1930
1277 1931
1278 1932
1279 1933
1280 1934
1280 1935
1280 1936
1280 1937
1281 1938
1281 1939
1281 1940
1282 1941
1282 1942
1283 1943
1283 1944
1284 1945
1284 1946
1285 1947
1286 1948
1287 1949
1288 1950
1288 1951
1289 1952
1290 1953
1291 1954
1291 1955
1292 1956
1293 1957
1294 1958
1295 1959
1296 1960
1297 1961
1297 1962
1297 1963
1298 1964
1299 1965
1299 1966
1299 1967
1300 1968
1301 1969
1302 1970
1303 1971
1303 1972
1303 1973
1304 1974
1305 1975
1306 1976
1306 1977
1306 1978
1307 1979
1308 1980
1309 1981
1310 1982
1311 1983
1312 1984
1313 1985
1313 1986
1314 1987
1314 1988
1314 1989
1314 1990
1315 1991
1316 1992
1317 1993
1318 1994
1319 1995
1320 1996
1321 1997
1322 1998
1322 1999
1323 2000
1324 2001
1325 2002
1325 2003
1326 2004
1326 2005
1326 2006
1326 2007
1327 2008
1328 2009
1328 2010
1329 2011
1329 2012
1330 2013
1331 2014
1332 2015
1333 2016
1334 2017
1335 2018
1336 2019
1337 2020
1337 2021
1337 2022
1337 2023
1338 2024
1339 2025
1339 2026
1339 2027
1339 2028
1340 2029
1340 2030
1341 2031
1342 2032
1343 2033
1344 2034
1344 2035
1344 2036
1345 2037
1346 2038
1347 2039
1347 2040
1347 2041
1347 2042
1348 2043
1349 2044
1350 2045
1351 2046
1352 2047
1352 2048
1353 2049
1354 2050
1355 2051
1355 2052
1355 2053
1355 2054
1356 2055
1356 2056
1357 2057
1358 2058
1359 2059
1360 2060
1361 2061
1361 2062
1361 2063
1361 2064
1362 2065
1362 2066
1363 2067
1364 2068
1364 2069
1364 2070
1365 2071
1366 2072
1367 2073
1368 2074
1369 2075
1370 2076
1371 2077
1372 2078
1373 2079
1374 2080
1375 2081
1376 2082
1377 2083
1378 2084
1378 2085
1379 2086
1379 2087
1379 2088
1380 2089
1381 2090
1382 2091
1383 2092
1384 2093
1385 2094
1386 2095
1387 2096
1388 2097
1389 2098
1389 2099
1390 2100
1391 2101
1392 2102
1393 2103
1394 2104
1395 2105
1396 2106
1397 2107
1397 2108
1398 2109
1399 2110
1399 2111
1399 2112
1400 2113
1400 2114
1401 2115
1402 2116
1403 2117
1403 2118
1404 2119
1404 2120
1404 2121
1404 2122
1405 2123
1406 2124
1406 2125
1406 2126
1407 2127
1408 2128
1409 2129
1409 2130
1409 2131
1410 2132
1411 2133
1411 2134
1412 2135
1413 2136
1414 2137
1414 2138
1415 2139
1416 2140
1416 2141
1416 2142
1417 2143
1418 2144
1419 2145
1420 2146
1421 2147
1422 2148
1423 2149
1423 2150
1423 2151
1423 2152
1423 2153
1424 2154
1425 2155
1425 2156
1426 2157
1427 2158
1427 2159
1428 2160
1429 2161
1430 2162
1431 2163
1432 2164
1433 2165
1433 2166
1433 2167
1433 2168
1433 2169
1434 2170
1435 2171
1435 2172
1435 2173
1435 2174
1436 2175
1437 2176
1438 2177
1439 2178
1440 2179
1441 2180
1441 2181
1441 2182
1442 2183
1443 2184
1443 2185
1443 2186
1443 2187
1444 2188
1444 2189
1445 2190
1445 2191
1445 2192
1446 2193
1447 2194
1447 2195
1448 2196
1449 2197
1450 2198
1450 2199
1450 2200
1450 2201
1451 2202
1452 2203
1452 2204
1453 2205
1454 2206
1454 2207
1455 2208
1455 2209
1455 2210
1456 2211
1456 2212
1457 2213
1458 2214
1458 2215
1458 2216
1458 2217
1459 2218
1460 2219
1460 2220
1461 2221
1462 2222
1463 2223
1464 2224
1464 2225
1464 2226
1465 2227
1465 2228
1466 2229
1466 2230
1466 2231
1467 2232
1468 2233
1469 2234
1470 2235
1470 2236
1471 2237
1471 2238
1471 2239
1471 2240
1471 2241
1471 2242
1471 2243
1472 2244
1473 2245
1474 2246
1475 2247
1476 2248
1476 2249
1476 2250
1477 2251
1478 2252
1479 2253
1480 2254
1480 2255
1481 2256
1482 2257
1483 2258
1484 2259
1484 2260
1485 2261
1485 2262
1486 2263
1487 2264
1488 2265
1488 2266
1489 2267
1490 2268
1491 2269
1491 2270
1491 2271
1492 2272
1492 2273
1493 2274
1493 2275
1493 2276
1493 2277
1494 2278
1494 2279
1495 2280
1496 2281
1496 2282
1497 2283
1498 2284
1499 2285
1499 2286
1500 2287
1501 2288
1502 2289
1503 2290
1503 2291
1503 2292
1504 2293
1504 2294
1504 2295
1504 2296
1504 2297
1505 2298
1506 2299
1507 2300
1508 2301
1509 2302
1510 2303
1511 2304
1511 2305
1511 2306
1512 2307
1513 2308
1514 2309
1515 2310
1516 2311
1517 2312
1518 2313
1519 2314
1520 2315
1521 2316
1521 2317
1522 2318
1523 2319
1524 2320
1525 2321
1526 2322
1527 2323
1528 2324
1529 2325
1530 2326
1531 2327
1532 2328
1532 2329
1532 2330
1533 2331
1534 2332
1534 2333
1535 2334
1535 2335
1536 2336
1536 2337
1536 2338
1536 2339
1536 2340
1537 2341
1538 2342
1539 2343
1540 2344
1541 2345
1541 2346
1541 2347
1542 2348
1543 2349
1544 2350
1544 2351
1545 2352
1545 2353
1545 2354
1546 2355
1546 2356
1546 2357
1546 2358
1547 2359
1548 2360
1549 2361
1550 2362
1550 2363
1551 2364
1552 2365
1553 2366
1554 2367
1555 2368
1556 2369
1557 2370
1557 2371
1558 2372
1559 2373
1560 2374
1560 2375
1561 2376
1561 2377
1561 2378
1561 2379
1561 2380
1562 2381
1563 2382
1564 2383
1564 2384
1564 2385
1565 2386
1566 2387
1567 2388
1567 2389
1567 2390
1567 2391
1567 2392
1567 2393
1567 2394
1568 2395
1568 2396
1569 2397
1570 2398
1570 2399
1571 2400
REDDIT-MULTI-12K: 1571 / 2400
