Set parameter Username
Academic license - for non-commercial use only - expires 2023-11-15
0 1
1 2
2 3
3 4
4 5
5 6
6 7
7 8
8 9
9 10
9 11
9 12
10 13
11 14
11 15
12 16
13 17
13 18
14 19
15 20
16 21
16 22
17 23
18 24
19 25
19 26
20 27
21 28
22 29
23 30
24 31
25 32
25 33
25 34
26 35
27 36
28 37
29 38
30 39
31 40
32 41
32 42
33 43
33 44
34 45
35 46
35 47
36 48
37 49
38 50
39 51
39 52
39 53
40 54
41 55
42 56
42 57
43 58
44 59
45 60
46 61
47 62
47 63
48 64
48 65
49 66
50 67
51 68
51 69
51 70
52 71
53 72
54 73
54 74
55 75
55 76
56 77
57 78
58 79
59 80
59 81
60 82
61 83
62 84
63 85
64 86
65 87
66 88
67 89
68 90
69 91
70 92
71 93
72 94
73 95
74 96
75 97
76 98
76 99
76 100
77 101
77 102
77 103
77 104
78 105
79 106
80 107
80 108
80 109
81 110
81 111
82 112
83 113
84 114
85 115
85 116
85 117
86 118
87 119
88 120
88 121
89 122
90 123
90 124
90 125
91 126
92 127
93 128
94 129
94 130
94 131
94 132
94 133
94 134
95 135
96 136
97 137
98 138
98 139
99 140
100 141
101 142
101 143
102 144
103 145
104 146
105 147
106 148
107 149
108 150
108 151
108 152
108 153
109 154
110 155
110 156
111 157
112 158
112 159
113 160
114 161
114 162
115 163
116 164
117 165
118 166
119 167
119 168
120 169
121 170
122 171
122 172
122 173
122 174
123 175
123 176
123 177
123 178
123 179
124 180
125 181
125 182
126 183
127 184
127 185
128 186
128 187
129 188
130 189
131 190
132 191
133 192
134 193
135 194
136 195
136 196
136 197
137 198
138 199
139 200
140 201
141 202
142 203
142 204
142 205
142 206
143 207
144 208
144 209
145 210
145 211
146 212
147 213
148 214
149 215
149 216
149 217
149 218
150 219
151 220
152 221
153 222
154 223
155 224
156 225
157 226
158 227
159 228
160 229
160 230
161 231
162 232
162 233
162 234
163 235
164 236
165 237
166 238
167 239
168 240
168 241
169 242
170 243
170 244
171 245
172 246
173 247
173 248
174 249
175 250
176 251
177 252
177 253
178 254
179 255
180 256
181 257
181 258
181 259
181 260
181 261
181 262
182 263
183 264
184 265
185 266
185 267
186 268
187 269
188 270
189 271
190 272
191 273
192 274
193 275
194 276
194 277
194 278
195 279
196 280
197 281
197 282
197 283
198 284
199 285
199 286
200 287
201 288
202 289
203 290
204 291
205 292
205 293
206 294
207 295
208 296
209 297
210 298
211 299
212 300
212 301
213 302
213 303
213 304
213 305
213 306
214 307
215 308
216 309
217 310
217 311
218 312
219 313
219 314
220 315
221 316
222 317
222 318
223 319
224 320
225 321
226 322
226 323
226 324
226 325
226 326
226 327
227 328
228 329
229 330
229 331
229 332
230 333
230 334
231 335
232 336
232 337
233 338
234 339
235 340
236 341
237 342
238 343
239 344
239 345
239 346
240 347
241 348
242 349
243 350
244 351
245 352
245 353
246 354
246 355
247 356
248 357
249 358
249 359
249 360
249 361
249 362
250 363
251 364
252 365
253 366
253 367
254 368
255 369
255 370
256 371
256 372
256 373
257 374
257 375
258 376
259 377
259 378
260 379
260 380
261 381
262 382
262 383
262 384
263 385
264 386
265 387
266 388
267 389
268 390
269 391
269 392
269 393
270 394
270 395
271 396
272 397
273 398
274 399
275 400
276 401
277 402
278 403
279 404
280 405
281 406
282 407
283 408
283 409
283 410
283 411
284 412
285 413
285 414
285 415
286 416
286 417
287 418
287 419
288 420
289 421
289 422
290 423
291 424
291 425
292 426
293 427
294 428
295 429
296 430
297 431
298 432
299 433
300 434
301 435
302 436
302 437
302 438
303 439
304 440
305 441
306 442
307 443
308 444
309 445
309 446
310 447
310 448
310 449
310 450
310 451
311 452
311 453
311 454
312 455
313 456
313 457
314 458
314 459
315 460
316 461
317 462
318 463
319 464
320 465
320 466
321 467
322 468
323 469
324 470
325 471
326 472
327 473
328 474
328 475
328 476
329 477
329 478
329 479
330 480
331 481
332 482
332 483
333 484
334 485
334 486
335 487
336 488
337 489
338 490
338 491
338 492
338 493
339 494
339 495
339 496
340 497
341 498
341 499
341 500
342 501
343 502
343 503
344 504
344 505
345 506
346 507
347 508
348 509
349 510
349 511
350 512
350 513
351 514
351 515
351 516
352 517
353 518
354 519
355 520
356 521
356 522
357 523
358 524
359 525
359 526
359 527
359 528
360 529
360 530
361 531
361 532
361 533
361 534
362 535
363 536
364 537
365 538
365 539
365 540
366 541
367 542
368 543
369 544
369 545
370 546
371 547
371 548
372 549
373 550
374 551
375 552
376 553
376 554
376 555
377 556
377 557
377 558
378 559
379 560
379 561
379 562
380 563
381 564
381 565
382 566
383 567
384 568
385 569
385 570
386 571
387 572
388 573
388 574
389 575
390 576
390 577
390 578
391 579
391 580
391 581
392 582
393 583
394 584
395 585
396 586
396 587
397 588
397 589
398 590
399 591
399 592
400 593
400 594
400 595
401 596
401 597
402 598
403 599
403 600
404 601
404 602
404 603
404 604
405 605
405 606
406 607
407 608
407 609
408 610
409 611
409 612
410 613
411 614
412 615
412 616
413 617
413 618
414 619
415 620
416 621
416 622
416 623
416 624
417 625
418 626
419 627
420 628
421 629
422 630
422 631
422 632
423 633
424 634
425 635
426 636
426 637
427 638
428 639
428 640
429 641
430 642
431 643
432 644
432 645
432 646
432 647
433 648
434 649
435 650
436 651
437 652
438 653
439 654
439 655
440 656
440 657
440 658
441 659
442 660
442 661
443 662
443 663
443 664
444 665
444 666
445 667
445 668
446 669
447 670
448 671
449 672
449 673
450 674
450 675
450 676
450 677
451 678
451 679
452 680
453 681
454 682
455 683
456 684
457 685
458 686
459 687
460 688
460 689
460 690
461 691
462 692
463 693
464 694
464 695
465 696
466 697
467 698
467 699
468 700
468 701
469 702
470 703
471 704
472 705
473 706
474 707
475 708
475 709
476 710
477 711
477 712
477 713
478 714
479 715
479 716
480 717
481 718
482 719
482 720
482 721
483 722
483 723
483 724
484 725
484 726
485 727
486 728
486 729
486 730
486 731
487 732
487 733
488 734
488 735
489 736
490 737
491 738
492 739
492 740
493 741
494 742
495 743
496 744
497 745
498 746
499 747
500 748
500 749
500 750
501 751
502 752
502 753
502 754
503 755
504 756
505 757
505 758
506 759
506 760
507 761
507 762
507 763
508 764
509 765
510 766
510 767
511 768
512 769
512 770
513 771
514 772
514 773
514 774
514 775
515 776
515 777
515 778
516 779
517 780
518 781
518 782
519 783
520 784
521 785
521 786
522 787
522 788
522 789
523 790
523 791
524 792
525 793
525 794
525 795
525 796
525 797
526 798
526 799
527 800
528 801
529 802
530 803
531 804
532 805
532 806
533 807
534 808
535 809
536 810
537 811
537 812
537 813
537 814
537 815
538 816
538 817
539 818
540 819
540 820
540 821
541 822
542 823
543 824
543 825
544 826
544 827
545 828
545 829
546 830
547 831
548 832
549 833
550 834
551 835
551 836
551 837
552 838
552 839
553 840
554 841
554 842
555 843
556 844
557 845
558 846
559 847
560 848
560 849
560 850
560 851
560 852
560 853
561 854
562 855
562 856
562 857
563 858
564 859
564 860
564 861
564 862
565 863
566 864
567 865
567 866
568 867
569 868
570 869
571 870
572 871
573 872
573 873
573 874
574 875
574 876
575 877
575 878
576 879
577 880
577 881
577 882
577 883
578 884
579 885
579 886
579 887
580 888
581 889
582 890
583 891
584 892
584 893
584 894
585 895
586 896
587 897
587 898
587 899
587 900
REDDIT-MULTI-5K: 587 / 900
