Set parameter Username
Academic license - for non-commercial use only - expires 2023-11-15
1 1
2 2
3 3
4 4
5 5
6 6
7 7
8 8
9 9
10 10
11 11
12 12
13 13
14 14
14 15
15 16
16 17
16 18
16 19
17 20
18 21
18 22
19 23
20 24
21 25
22 26
23 27
24 28
25 29
26 30
27 31
28 32
29 33
30 34
31 35
32 36
33 37
34 38
35 39
36 40
37 41
38 42
39 43
39 44
40 45
40 46
41 47
42 48
43 49
44 50
45 51
46 52
47 53
48 54
48 55
49 56
50 57
50 58
51 59
52 60
52 61
53 62
54 63
54 64
55 65
55 66
56 67
56 68
56 69
56 70
57 71
58 72
59 73
59 74
60 75
61 76
62 77
63 78
63 79
64 80
65 81
66 82
67 83
68 84
69 85
69 86
70 87
70 88
71 89
72 90
73 91
73 92
73 93
74 94
75 95
76 96
77 97
78 98
79 99
79 100
80 101
80 102
81 103
82 104
83 105
84 106
84 107
85 108
86 109
87 110
87 111
87 112
88 113
89 114
90 115
90 116
90 117
90 118
91 119
91 120
92 121
93 122
93 123
94 124
95 125
95 126
95 127
95 128
95 129
96 130
96 131
96 132
96 133
97 134
98 135
99 136
100 137
101 138
102 139
103 140
103 141
103 142
104 143
105 144
105 145
106 146
107 147
107 148
108 149
109 150
110 151
111 152
112 153
113 154
114 155
115 156
116 157
117 158
117 159
118 160
118 161
119 162
120 163
121 164
122 165
123 166
124 167
125 168
125 169
125 170
126 171
127 172
128 173
129 174
130 175
131 176
132 177
133 178
134 179
134 180
135 181
136 182
136 183
137 184
138 185
139 186
140 187
141 188
142 189
142 190
143 191
144 192
145 193
146 194
146 195
147 196
148 197
149 198
150 199
151 200
151 201
152 202
153 203
153 204
154 205
155 206
156 207
157 208
158 209
159 210
160 211
160 212
161 213
162 214
163 215
164 216
165 217
166 218
167 219
168 220
169 221
170 222
170 223
171 224
171 225
172 226
173 227
174 228
175 229
175 230
175 231
176 232
177 233
178 234
179 235
180 236
181 237
181 238
182 239
183 240
184 241
185 242
186 243
187 244
187 245
188 246
189 247
189 248
190 249
191 250
192 251
193 252
194 253
195 254
196 255
196 256
197 257
198 258
199 259
200 260
201 261
202 262
203 263
204 264
205 265
205 266
205 267
206 268
206 269
206 270
207 271
208 272
209 273
209 274
210 275
211 276
212 277
212 278
213 279
213 280
213 281
214 282
215 283
216 284
217 285
218 286
219 287
220 288
220 289
221 290
221 291
222 292
223 293
223 294
223 295
224 296
224 297
225 298
226 299
227 300
227 301
227 302
228 303
228 304
229 305
229 306
229 307
230 308
231 309
232 310
232 311
233 312
234 313
235 314
236 315
237 316
238 317
239 318
240 319
241 320
242 321
243 322
244 323
245 324
246 325
247 326
247 327
248 328
248 329
249 330
250 331
251 332
251 333
252 334
252 335
253 336
254 337
254 338
254 339
255 340
256 341
257 342
258 343
259 344
260 345
260 346
261 347
262 348
262 349
263 350
264 351
264 352
264 353
265 354
266 355
266 356
267 357
268 358
269 359
269 360
269 361
270 362
271 363
272 364
273 365
274 366
274 367
275 368
276 369
277 370
277 371
278 372
279 373
279 374
279 375
280 376
280 377
281 378
282 379
283 380
283 381
284 382
284 383
284 384
285 385
286 386
287 387
288 388
289 389
289 390
289 391
290 392
291 393
292 394
292 395
293 396
294 397
294 398
294 399
294 400
295 401
295 402
296 403
297 404
298 405
299 406
300 407
300 408
301 409
301 410
301 411
302 412
303 413
304 414
305 415
306 416
307 417
308 418
309 419
309 420
309 421
310 422
311 423
311 424
312 425
313 426
314 427
314 428
315 429
316 430
316 431
317 432
318 433
318 434
319 435
320 436
321 437
322 438
323 439
323 440
324 441
325 442
326 443
327 444
328 445
328 446
328 447
329 448
330 449
330 450
331 451
332 452
333 453
334 454
335 455
336 456
337 457
337 458
338 459
339 460
340 461
341 462
341 463
342 464
343 465
344 466
344 467
344 468
344 469
345 470
346 471
347 472
348 473
349 474
349 475
350 476
350 477
351 478
352 479
352 480
353 481
354 482
355 483
355 484
355 485
355 486
356 487
357 488
357 489
358 490
358 491
359 492
360 493
361 494
362 495
363 496
363 497
364 498
365 499
366 500
366 501
367 502
367 503
368 504
369 505
369 506
369 507
369 508
369 509
370 510
371 511
372 512
373 513
374 514
375 515
376 516
377 517
377 518
378 519
378 520
379 521
380 522
380 523
381 524
382 525
382 526
383 527
384 528
384 529
385 530
386 531
387 532
388 533
388 534
389 535
390 536
391 537
392 538
392 539
392 540
393 541
394 542
395 543
395 544
396 545
396 546
397 547
398 548
399 549
399 550
400 551
401 552
402 553
403 554
404 555
405 556
406 557
407 558
407 559
408 560
408 561
408 562
409 563
410 564
411 565
412 566
413 567
413 568
414 569
415 570
416 571
416 572
416 573
417 574
418 575
418 576
419 577
420 578
420 579
421 580
422 581
423 582
423 583
424 584
425 585
426 586
426 587
427 588
427 589
428 590
429 591
430 592
431 593
432 594
433 595
434 596
435 597
435 598
436 599
437 600
438 601
438 602
438 603
438 604
439 605
439 606
439 607
440 608
441 609
441 610
441 611
442 612
443 613
443 614
443 615
444 616
444 617
445 618
446 619
447 620
447 621
447 622
448 623
449 624
450 625
451 626
451 627
452 628
453 629
453 630
453 631
454 632
454 633
455 634
456 635
457 636
458 637
458 638
459 639
460 640
461 641
462 642
462 643
463 644
464 645
465 646
466 647
467 648
467 649
468 650
469 651
470 652
471 653
472 654
473 655
474 656
474 657
475 658
476 659
477 660
477 661
478 662
479 663
480 664
481 665
482 666
483 667
484 668
485 669
486 670
487 671
488 672
489 673
490 674
491 675
491 676
491 677
491 678
491 679
492 680
493 681
494 682
495 683
496 684
496 685
496 686
497 687
497 688
498 689
498 690
499 691
500 692
500 693
500 694
501 695
501 696
502 697
502 698
503 699
504 700
505 701
506 702
507 703
507 704
508 705
509 706
510 707
511 708
511 709
512 710
512 711
512 712
513 713
514 714
515 715
515 716
515 717
516 718
516 719
517 720
518 721
519 722
520 723
520 724
521 725
522 726
522 727
522 728
523 729
523 730
523 731
524 732
525 733
526 734
526 735
527 736
527 737
528 738
529 739
529 740
530 741
530 742
531 743
532 744
533 745
534 746
534 747
534 748
534 749
534 750
534 751
535 752
536 753
537 754
537 755
537 756
538 757
538 758
539 759
540 760
541 761
542 762
543 763
544 764
544 765
545 766
545 767
545 768
546 769
546 770
547 771
548 772
548 773
549 774
550 775
551 776
551 777
551 778
552 779
553 780
553 781
553 782
554 783
555 784
555 785
556 786
556 787
557 788
558 789
558 790
559 791
559 792
560 793
561 794
562 795
562 796
563 797
563 798
564 799
565 800
REDDIT-BINARY: 565 / 800
